service_id,monday,tuesday,wednesday,thursday,friday,saturday,sunday,start_date,end_date
0,1,1,1,1,1,1,1,20251214,20261212
1,1,1,1,1,1,1,0,20251215,20261212
2,1,1,1,1,1,1,1,20251214,20261212
3,1,1,1,1,1,1,1,20251214,20261212
4,1,1,1,1,0,1,1,20251214,20261212
5,1,1,1,1,0,1,0,20251215,20261212
6,1,1,1,1,0,1,0,20251215,20261212
7,0,0,0,0,1,0,0,20251219,20261211
8,0,0,0,0,0,0,1,20251214,20261206
9,1,1,1,1,0,1,0,20251215,20261212
10,1,1,1,1,1,0,0,20251215,20261211
11,0,0,1,0,0,0,0,20251231,20251231
12,1,1,1,1,1,1,0,20251215,20261212
13,1,1,1,1,1,0,0,20251215,20261211
14,0,0,0,0,0,1,1,20251214,20261212
15,1,1,1,1,1,0,0,20251215,20261211
16,0,0,0,0,0,0,0,20251223,20260831
17,0,0,0,0,0,1,0,20251220,20261212
18,0,0,0,0,0,0,0,20260106,20260915
19,1,1,1,1,1,0,0,20251215,20261211
20,0,0,0,0,0,1,1,20251214,20261212
21,0,0,0,0,0,1,1,20251214,20261212
22,0,0,0,0,1,0,0,20251219,20261211
23,1,1,1,1,0,0,0,20251215,20261210
24,0,0,0,1,0,0,0,20251225,20251225
25,0,0,0,0,0,1,0,20251220,20261212
26,0,0,0,0,0,1,0,20251220,20261212
27,0,0,0,0,0,0,0,20251231,20261028
28,0,0,0,0,0,1,0,20251220,20261212
29,0,0,0,0,1,0,0,20251219,20261211
30,0,0,0,0,0,1,1,20251214,20261212
31,0,0,0,0,0,1,0,20251220,20261212
32,0,0,0,0,0,1,1,20260718,20260719
33,0,0,0,1,0,0,0,20260101,20260101
34,0,0,0,0,0,1,1,20260328,20261101
35,0,0,0,0,0,1,1,20251220,20261101
36,0,0,0,0,0,1,1,20260403,20261028
37,0,0,0,0,0,1,1,20251214,20261212
38,1,1,1,1,1,1,1,20251214,20261212
39,0,0,0,1,0,0,0,20251225,20260101
40,0,0,0,0,0,1,0,20251220,20261212
41,0,0,0,0,0,0,1,20251214,20261206
42,0,0,0,0,0,0,1,20251214,20261206
43,0,0,0,0,0,1,0,20251220,20261212
44,1,1,1,1,1,0,0,20251215,20261211
45,0,0,0,0,0,1,0,20251220,20261212
46,0,0,0,0,0,0,1,20251214,20261206
47,1,1,1,1,1,0,1,20251214,20261211
48,0,0,0,0,0,0,1,20251214,20261206
49,1,1,1,1,1,0,1,20251214,20261211
50,0,0,0,0,0,1,0,20251220,20261212
51,1,1,1,1,1,0,1,20251214,20261211
52,1,1,1,1,1,1,0,20251215,20261212
53,0,0,0,0,0,0,1,20251214,20261206
54,0,0,0,0,0,1,0,20251220,20261212
55,0,0,0,0,0,0,1,20251214,20261206
56,1,1,1,1,1,0,0,20251215,20261211
57,1,1,1,1,1,1,0,20251215,20261212
58,1,1,1,1,1,1,1,20251214,20261212
59,0,0,0,0,0,1,1,20251214,20261212
60,1,1,1,1,1,1,1,20251214,20260311
61,0,0,0,0,0,0,0,20251214,20261212
62,0,0,0,0,0,0,0,20251214,20261212
63,0,0,0,0,0,0,0,20251214,20261212
64,0,0,1,0,0,0,0,20251224,20251224
65,1,1,1,1,1,1,1,20251214,20261212
66,0,0,0,0,0,0,0,20251214,20261212
67,0,0,1,0,0,0,0,20251224,20251231
68,0,0,0,0,0,1,0,20251220,20261212
69,1,1,1,1,1,0,0,20251215,20261211
70,0,0,0,0,0,1,1,20251214,20261212
71,0,0,0,0,0,1,0,20251220,20261212
72,0,0,0,0,0,1,0,20251220,20261212
73,1,1,1,1,1,1,0,20251215,20261212
74,0,0,0,0,1,0,0,20251219,20261211
75,0,0,0,0,0,1,1,20251214,20261212
76,0,0,0,0,1,1,0,20251219,20261212
77,1,1,1,1,1,0,0,20251215,20261211
78,1,1,1,1,1,0,0,20251215,20261211
79,0,0,1,1,0,0,0,20251224,20251231
80,0,0,0,0,0,0,1,20251214,20261206
81,1,1,1,1,1,1,0,20251215,20261212
82,0,0,1,1,0,0,0,20251225,20251231
83,1,1,1,1,1,0,0,20251215,20261211
84,0,0,0,0,0,0,0,20251229,20260831
85,0,0,0,0,0,1,1,20251214,20261212
86,1,1,1,1,0,0,0,20251215,20261211
87,0,0,0,0,0,1,1,20251214,20261212
88,1,1,1,1,0,0,0,20251215,20261211
89,0,0,0,0,0,1,1,20260321,20261101
90,1,1,1,1,1,0,0,20251214,20261212
91,0,0,0,0,0,0,0,20251222,20260831
92,1,1,1,1,1,1,0,20251215,20261212
93,0,0,0,0,1,1,0,20251219,20261212
94,0,0,0,0,0,0,1,20251214,20261206
95,0,0,0,0,0,1,0,20251220,20261212
96,0,0,0,0,0,1,1,20251214,20261212
97,0,0,0,0,0,1,1,20251214,20261212
98,1,1,1,1,1,1,1,20260501,20261011
99,1,1,1,1,1,1,1,20251214,20261212
100,1,1,0,1,0,0,0,20251215,20261211
101,0,0,0,0,1,0,0,20251219,20261211
102,0,0,0,0,0,1,0,20251220,20261212
103,0,0,0,0,0,0,1,20251214,20261206
104,1,1,1,1,0,0,1,20251214,20261210
105,1,1,1,1,1,0,0,20260701,20260831
106,0,0,0,0,0,0,1,20251214,20261206
107,0,0,0,0,0,1,0,20261010,20261010
108,0,0,0,0,0,0,1,20251214,20261206
109,1,1,1,1,1,1,0,20251215,20261212
110,0,0,0,0,0,1,0,20260328,20261024
111,1,1,1,1,1,0,1,20251214,20261212
112,1,1,1,1,1,1,1,20251214,20261212
113,0,0,0,0,0,0,1,20251214,20261206
114,0,0,0,0,1,0,0,20251219,20261211
115,0,0,0,0,0,0,1,20251214,20261206
116,1,1,1,1,1,1,0,20251215,20261212
117,0,0,0,0,0,1,1,20260328,20261025
118,1,1,1,1,0,1,1,20251214,20261212
119,0,0,0,0,1,0,0,20251219,20261211
120,0,0,0,0,0,1,1,20260627,20260628
121,1,1,1,1,1,0,0,20251215,20261211
122,1,1,1,1,1,1,0,20251215,20261212
123,0,0,0,0,0,1,0,20260912,20260912
124,0,0,0,0,1,0,0,20260911,20260911
125,1,1,1,1,1,1,1,20251214,20260906
126,1,1,1,1,1,0,0,20251215,20260904
127,0,0,0,0,0,1,1,20251214,20260906
128,0,0,0,0,0,0,0,20251214,20261212
129,1,1,1,1,1,1,1,20251214,20261212
130,0,0,0,0,1,0,0,20251219,20261211
131,1,1,1,1,0,0,0,20251215,20261210
132,0,0,0,0,0,1,1,20251214,20261212
133,1,1,1,1,1,0,0,20251215,20261211
134,0,0,0,0,0,0,0,20251224,20261129
135,0,0,0,0,0,1,0,20251220,20261212
136,1,1,1,1,1,1,0,20251215,20261212
137,1,1,1,1,1,0,1,20251214,20261211
138,0,0,0,0,0,0,1,20251214,20261206
139,0,0,0,0,1,0,1,20251214,20261211
140,1,1,1,1,1,1,0,20251215,20261212
141,1,1,1,1,0,1,1,20251214,20261212
142,0,0,0,0,0,0,1,20251214,20261206
143,0,0,0,0,0,1,1,20260606,20260919
144,0,0,0,0,0,1,1,20260425,20260928
145,1,1,1,1,1,0,0,20251215,20261211
146,1,1,1,1,1,0,0,20260605,20260831
147,0,0,0,0,1,1,0,20251219,20261212
148,0,0,0,0,0,1,0,20251220,20261212
149,1,0,0,0,0,0,0,20251215,20261207
150,0,1,1,1,1,1,1,20251214,20261212
151,1,1,1,1,1,0,0,20251214,20261212
152,0,0,0,0,0,1,0,20260321,20261031
153,0,0,0,0,0,1,1,20251214,20261212
154,0,0,0,0,0,0,0,20251214,20261212
155,0,0,0,0,0,1,0,20260124,20260124
156,0,0,0,0,0,1,0,20260321,20261031
157,0,0,0,0,0,0,0,20251214,20261206
158,0,0,0,0,0,1,0,20260516,20260516
159,1,1,1,1,1,0,1,20251214,20261212
160,0,0,0,0,1,1,1,20251214,20261212
161,0,0,0,0,0,0,1,20260322,20261025
162,0,0,0,0,0,0,1,20251214,20261212
163,0,0,0,0,0,1,1,20251220,20261212
164,0,0,0,0,0,0,0,20251219,20261211
165,0,0,0,0,0,1,1,20260523,20260830
166,0,0,0,0,0,1,1,20251214,20261212
167,0,0,1,0,0,1,0,20261028,20261031
168,0,0,0,0,0,0,1,20260322,20261101
169,1,1,1,1,1,1,1,20251214,20261212
170,1,1,1,1,1,0,0,20251215,20261210
171,0,0,0,0,0,1,0,20260321,20261024
172,1,1,1,1,1,1,1,20251214,20261211
173,0,0,0,0,0,1,0,20261212,20261212
174,0,0,0,0,0,1,1,20251214,20261212
175,1,1,1,1,1,0,0,20251215,20260630
176,0,0,0,0,0,1,1,20251214,20260628
177,0,0,0,0,0,1,1,20251214,20260628
178,0,0,0,0,0,0,1,20251220,20261212
179,0,0,0,0,0,1,0,20251214,20261212
180,1,1,1,1,0,0,1,20251214,20261210
181,0,0,0,0,0,0,1,20260322,20261101
182,0,0,0,0,1,1,0,20251219,20261212
183,1,1,1,1,0,1,0,20251215,20261212
184,1,1,1,1,1,1,1,20260328,20261101
185,1,0,0,0,0,0,0,20251215,20261207
186,1,1,1,1,1,0,0,20251215,20261211
187,0,1,1,1,1,1,1,20251214,20261212
188,0,0,0,0,0,1,1,20260501,20261011
189,1,1,1,1,1,1,1,20251214,20261212
190,1,1,1,1,1,0,0,20260504,20261009
191,0,0,0,0,0,1,1,20251214,20261212
192,0,0,0,0,1,0,0,20260501,20260501
193,0,0,0,0,0,1,1,20260502,20261011
194,0,0,0,0,0,1,1,20251214,20261212
195,1,1,1,1,1,0,0,20251215,20261211
196,0,0,0,0,0,1,1,20251214,20261212
197,0,0,0,0,0,1,1,20260501,20260928
198,0,0,0,0,0,1,1,20251214,20261212
199,1,1,1,1,1,1,1,20251214,20261212
200,0,0,0,0,0,0,1,20260322,20261101
201,0,0,0,0,0,0,0,20260404,20260927
202,1,1,1,1,1,0,0,20251215,20261211
203,0,0,0,0,0,1,0,20260321,20261031
204,0,0,0,0,0,1,1,20251214,20261206
205,0,0,0,0,0,1,1,20251214,20261212
206,0,0,0,0,0,0,0,20251220,20261212
207,1,1,1,1,1,1,1,20251214,20261212
208,1,1,1,1,1,0,0,20251215,20261211
209,0,0,0,0,0,0,1,20251214,20261206
210,0,0,0,0,0,1,0,20260501,20261010
211,0,0,0,0,0,0,1,20260502,20261011
212,1,1,1,1,1,0,0,20251215,20261212
213,1,1,1,1,1,1,1,20251214,20261212
214,1,1,1,1,1,1,1,20251214,20261212
215,0,0,0,0,0,0,0,20251220,20261212
216,1,1,1,1,1,1,0,20260501,20261010
217,1,1,1,1,0,0,1,20260503,20261011
218,0,0,0,0,1,0,0,20260507,20261011
219,0,0,0,0,0,1,0,20251220,20261212
220,0,0,0,0,0,1,0,20260501,20261010
221,0,0,0,0,1,1,0,20260501,20261010
222,0,0,0,0,0,1,0,20260502,20261010
223,0,0,0,0,0,1,1,20251214,20261212
224,1,1,1,1,0,0,1,20251214,20261210
225,1,1,1,1,1,1,1,20260328,20261025
226,0,0,0,0,0,1,1,20251214,20261206
227,1,1,1,1,1,1,1,20251214,20261212
228,0,0,0,0,0,0,0,20251214,20261206
229,0,0,0,0,0,0,1,20251214,20261206
230,0,0,0,0,0,1,0,20260328,20261024
231,0,0,0,0,1,1,0,20251219,20261212
232,0,0,0,0,0,0,1,20260329,20261025
233,1,1,1,1,1,0,0,20251215,20260306
234,1,1,1,1,1,0,0,20260309,20261211
235,0,0,0,0,0,1,0,20251220,20261212
236,0,0,0,0,0,0,1,20251214,20261206
237,1,1,1,1,1,1,0,20251215,20261212
238,0,0,0,0,0,1,1,20251214,20261212
239,1,1,1,1,1,1,1,20251214,20261212
240,0,0,0,0,0,0,1,20251214,20261206
241,1,1,1,1,1,1,0,20251215,20261212
242,0,0,0,0,0,1,1,20251214,20261212
243,0,0,0,0,0,0,0,20260321,20261101
244,0,0,0,0,1,0,0,20260703,20260828
245,0,0,0,0,1,0,0,20260320,20261030
246,0,0,0,1,1,0,0,20251225,20260101
247,0,0,0,0,0,0,0,20251222,20260831
248,1,1,1,1,0,0,0,20251215,20261211
249,1,1,1,1,0,0,0,20251215,20261210
250,0,0,0,0,0,1,1,20251214,20261212
251,1,1,1,1,1,0,0,20251215,20261211
252,0,0,0,0,0,0,0,20251231,20260831
253,0,0,0,0,1,0,0,20260320,20261030
254,0,0,0,0,1,1,0,20260320,20261031
255,0,0,0,0,0,0,0,20251214,20261212
256,0,0,0,0,0,1,1,20251214,20261212
257,0,0,0,0,0,0,0,20251220,20261212
258,1,1,1,1,1,1,1,20251215,20261211
259,1,1,1,1,1,1,0,20251215,20261211
260,1,1,1,1,1,1,0,20251215,20261212
261,0,0,0,0,0,1,0,20260321,20261031
262,1,1,1,1,1,0,1,20251214,20261212
263,0,0,0,0,0,0,0,20261028,20261117
264,0,0,0,0,0,1,1,20251214,20261212
265,1,1,1,1,1,0,1,20251214,20261211
266,0,0,0,0,0,0,1,20251214,20261206
267,1,1,1,1,1,0,0,20260302,20261211
268,0,0,0,0,0,0,1,20260125,20261206
269,1,1,1,1,0,1,1,20251214,20261212
270,1,1,1,1,1,1,0,20251214,20261212
271,1,1,1,1,1,0,1,20251214,20261211
272,0,0,0,0,0,0,1,20251214,20261206
273,0,0,0,0,1,0,0,20251219,20261211
274,1,1,1,1,1,1,0,20251215,20261212
275,1,1,1,1,1,0,0,20251215,20261211
276,0,0,0,0,0,0,0,20251229,20261208
277,1,1,1,1,1,0,0,20251215,20261211
278,0,0,0,0,0,1,0,20260501,20261010
279,0,0,0,0,0,1,1,20251214,20261212
280,0,0,0,0,0,0,0,20260103,20261117
281,0,0,0,0,0,0,1,20251214,20261206
282,1,1,1,1,1,0,1,20251214,20261211
283,0,0,0,0,0,1,1,20251214,20261212
284,1,1,1,1,1,1,0,20251215,20261212
285,1,1,1,1,1,0,0,20260216,20261211
286,1,1,1,1,1,1,1,20251214,20260215
287,1,1,1,1,1,1,1,20260216,20261212
288,1,1,1,1,1,0,0,20251215,20260213
289,1,1,1,1,1,0,0,20260216,20261211
290,1,1,1,1,1,1,1,20251214,20260215
291,0,0,0,0,0,1,1,20251214,20260215
292,1,1,1,1,1,1,1,20251214,20261212
293,1,1,1,1,1,1,1,20251214,20260215
294,1,1,1,1,1,0,0,20260601,20260831
295,1,1,1,1,1,0,0,20251215,20261211
296,0,0,1,1,0,0,0,20251224,20251225
297,0,1,1,1,1,0,0,20251216,20261211
298,1,1,1,1,1,0,1,20251214,20261211
299,0,0,0,0,1,1,1,20251214,20261212
300,0,0,0,0,0,1,1,20251214,20260215
301,0,0,0,0,0,1,0,20251220,20261212
302,1,1,1,1,1,0,0,20251215,20261211
303,0,0,0,0,0,0,1,20251214,20261206
304,0,0,0,0,0,1,0,20251220,20251220
305,0,0,0,0,0,0,0,20251214,20261212
306,0,0,0,0,0,0,0,20251215,20261211
307,0,0,0,0,0,1,1,20260321,20260928
308,0,0,0,0,0,0,0,20251214,20261212
309,0,0,0,0,1,0,0,20251226,20251226
310,0,0,0,0,0,0,0,20251214,20261206
311,0,0,0,0,0,0,0,20251215,20261212
312,0,0,0,0,1,0,0,20251219,20261211
313,0,0,0,0,0,0,1,20251214,20261206
314,0,0,0,0,0,0,0,20251220,20261212
315,0,0,0,0,0,0,0,20251214,20261211
316,1,1,1,1,1,0,0,20251215,20260213
317,0,0,0,0,0,0,0,20251214,20261206
318,0,0,0,0,0,0,0,20251221,20261212
319,0,0,0,0,0,0,0,20251214,20261212
320,1,1,1,1,0,0,0,20251215,20261210
321,1,1,1,1,1,1,0,20251215,20261212
322,0,0,0,0,0,0,0,20251220,20261212
323,0,0,0,0,0,0,0,20251214,20261206
324,0,0,0,0,1,0,0,20260102,20260102
325,0,0,0,0,0,0,0,20251219,20261211
326,0,0,0,0,0,1,0,20251220,20261212
327,0,0,0,0,0,0,0,20251215,20261210
328,0,0,0,1,0,0,0,20260402,20260402
329,0,0,0,0,0,0,0,20251214,20261211
330,0,0,0,0,0,0,0,20251215,20261212
331,0,0,0,0,0,0,0,20251214,20261212
332,0,0,0,0,0,0,0,20251214,20261212
333,0,0,0,0,0,0,0,20251220,20261212
334,0,0,0,0,0,0,0,20251219,20261211
335,0,0,0,0,0,0,0,20251215,20261210
336,0,0,0,0,0,1,0,20260403,20261031
337,0,0,0,0,0,0,1,20260404,20261101
338,1,1,1,1,1,0,0,20260407,20261030
339,0,0,0,0,0,1,1,20260403,20261101
340,0,0,0,0,0,1,1,20260403,20261101
341,1,1,1,1,1,0,0,20260404,20261030
342,1,1,1,1,1,0,1,20260404,20261101
343,0,0,0,0,0,0,1,20260403,20261101
344,0,0,0,0,0,1,0,20260404,20261031
345,0,0,0,0,1,0,0,20260410,20261030
346,1,1,1,1,0,0,0,20260407,20261029
347,0,0,0,0,1,0,1,20260403,20261101
348,1,1,1,1,0,1,0,20260404,20261031
349,0,0,0,0,0,0,1,20260406,20261101
350,0,0,0,0,0,1,0,20260403,20261031
351,0,0,0,0,1,0,0,20260410,20261030
352,1,1,1,1,0,1,1,20260403,20261101
353,1,1,1,1,1,1,1,20260403,20261101
354,1,1,1,1,0,0,0,20260407,20261029
355,0,0,0,0,0,1,1,20251214,20261212
356,0,0,0,0,1,1,0,20251219,20261212
357,1,1,1,1,0,0,0,20251215,20261210
358,0,0,0,0,0,0,1,20251214,20261206
359,0,0,0,0,0,1,1,20251214,20261212
360,1,1,1,1,1,1,1,20251214,20261212
361,0,0,0,0,0,0,0,20251214,20261212
362,0,0,0,0,0,1,1,20251214,20261212
363,0,0,0,0,1,0,0,20251219,20261211
364,0,0,0,0,0,1,1,20251214,20261212
365,0,0,0,0,1,0,0,20251219,20261211
366,0,0,0,0,0,0,1,20251214,20261206
367,0,0,0,0,0,0,1,20251214,20261206
368,0,0,0,0,0,0,0,20251214,20261212
369,1,1,1,1,1,0,0,20251215,20260130
370,1,1,1,1,1,0,0,20260202,20261211
371,0,0,0,0,0,0,1,20251214,20261206
372,0,0,0,0,0,1,1,20251214,20261212
373,1,1,1,1,1,0,0,20251215,20260130
374,1,1,1,1,1,0,0,20260202,20261211
375,1,1,1,1,1,1,0,20251215,20261212
376,1,0,0,0,0,0,0,20251215,20261207
377,0,1,1,1,1,1,1,20260501,20261212
378,0,1,1,1,1,1,1,20260501,20261212
379,0,1,1,1,1,1,1,20260502,20261212
380,0,1,1,1,1,1,1,20260502,20261212
381,0,1,1,1,1,1,1,20260502,20261212
382,0,0,0,0,0,1,1,20251214,20261212
383,1,1,1,1,1,1,1,20260501,20261212
384,1,1,1,1,1,1,1,20251214,20260430
385,1,1,1,1,1,1,1,20251214,20260501
386,1,1,1,1,1,1,1,20251214,20260430
387,1,1,1,1,1,1,1,20260615,20261212
388,1,1,1,1,1,1,1,20260614,20261212
389,1,1,1,1,1,1,1,20251214,20261212
390,1,1,1,1,1,1,1,20260523,20260831
391,0,0,0,0,0,1,1,20260704,20260830
392,1,0,0,0,0,0,0,20251215,20261207
393,1,1,1,1,1,1,1,20260502,20261212
394,0,1,1,1,1,1,1,20260522,20260828
395,0,1,1,1,1,1,1,20260523,20260829
396,1,1,1,1,1,1,1,20260628,20260831
397,1,1,1,1,1,1,1,20260626,20260829
398,1,1,1,1,1,1,1,20251215,20261212
399,1,1,1,1,1,1,1,20251214,20260501
400,0,0,0,0,0,0,1,20260406,20261206
401,0,0,0,0,1,0,0,20260402,20261211
402,0,0,0,0,0,0,1,20260719,20260719
403,0,0,0,0,0,0,1,20251214,20251214
404,1,1,1,1,1,1,1,20251214,20261211
405,1,1,1,1,1,1,1,20251215,20261212
406,0,0,0,0,0,0,1,20251214,20261212
407,1,1,1,1,1,1,0,20251215,20261211
408,0,0,0,0,0,1,0,20251214,20261212
409,0,0,0,0,0,1,0,20260321,20261031
410,1,1,1,1,1,0,1,20251215,20261211
411,0,0,0,0,0,0,1,20260322,20261101
412,0,0,0,0,0,0,0,20251222,20261030
413,1,1,1,1,1,0,0,20251215,20261211
414,0,0,0,0,0,1,0,20251220,20261212
415,0,0,0,0,0,0,1,20251214,20261206
416,1,1,1,1,1,1,1,20251214,20261212
417,0,0,0,0,0,0,1,20251214,20261206
418,0,0,0,0,0,0,1,20251214,20261206
419,1,1,1,1,1,0,1,20251214,20261211
420,1,1,1,1,0,1,1,20251214,20261212
421,1,1,1,1,1,1,0,20251215,20261212
422,0,0,0,0,0,1,0,20251220,20261212
423,0,0,0,0,0,0,0,20251226,20260927
424,1,1,1,1,1,1,0,20251215,20261212
425,1,1,1,1,1,0,1,20251214,20261211
426,0,0,0,0,1,1,0,20260911,20260912
427,0,0,0,0,0,1,0,20251220,20261212
428,1,1,1,1,0,0,1,20251214,20261210
429,1,1,1,1,1,1,1,20251214,20261211
430,1,1,1,1,1,1,1,20251215,20261211
431,0,0,0,0,0,0,0,20251229,20260831
432,1,1,1,1,1,1,1,20251214,20261212
433,1,1,1,1,1,1,0,20251215,20261212
434,1,1,0,0,0,0,0,20251229,20251230
435,1,1,1,1,1,0,0,20251215,20261211
436,0,0,0,0,0,0,1,20251214,20261206
437,0,0,0,1,0,0,0,20260514,20260625
438,1,1,1,1,1,1,1,20251214,20261212
439,0,0,0,0,0,1,1,20260606,20260928
440,1,1,1,1,1,1,0,20251215,20261212
441,1,1,1,1,1,1,1,20251214,20261212
442,0,0,0,0,0,1,0,20251220,20261212
443,0,0,0,0,0,0,1,20251214,20261206
444,1,1,1,1,0,0,0,20251215,20261210
445,0,0,0,0,1,0,0,20251219,20261211
446,0,0,0,0,0,1,1,20251214,20261212
447,0,0,0,0,0,1,0,20251220,20261212
448,0,0,0,0,1,1,1,20251214,20261212
449,0,0,0,0,0,0,1,20251214,20261206
450,0,0,0,0,0,1,0,20260919,20260919
451,0,0,0,0,0,0,1,20260920,20260920
452,0,0,0,0,0,1,0,20251220,20261212
453,0,0,0,0,1,0,0,20251219,20261211
454,0,0,0,0,0,1,0,20251220,20261212
455,0,0,0,0,0,0,0,20251222,20260831
456,0,0,0,0,0,1,0,20251220,20261212
457,0,0,0,0,0,0,0,20251221,20260831
458,0,0,0,0,1,0,0,20251219,20261211
459,1,1,1,1,1,1,1,20251214,20261212
460,1,1,1,1,1,0,1,20251214,20261211
461,1,1,1,1,0,1,1,20251214,20261212
462,1,1,1,1,1,1,0,20251215,20261212
463,1,1,1,1,0,0,0,20251215,20261210
464,0,0,0,0,1,1,0,20251219,20261212
465,0,0,0,0,0,0,1,20251214,20261206
466,1,1,1,1,1,1,0,20251215,20261212
467,0,0,0,0,0,1,0,20251220,20261212
468,1,1,1,1,1,1,0,20251215,20261212
469,1,1,1,1,1,1,1,20260328,20261025
470,0,0,0,0,1,1,1,20260425,20260831
471,0,0,0,0,0,0,0,20251214,20261212
472,0,0,0,0,0,0,0,20251214,20261212
473,0,0,0,0,0,0,0,20251214,20261212
474,0,0,0,0,1,1,1,20251214,20261212
475,1,1,1,1,1,0,0,20251214,20261212
476,0,0,0,0,0,0,0,20251214,20261212
477,1,1,1,1,1,0,1,20251214,20261211
478,0,0,0,0,0,1,0,20260516,20261017
479,1,1,1,1,1,0,0,20251215,20261211
480,1,1,1,1,1,0,1,20251214,20261211
481,0,0,0,0,0,1,0,20251220,20261212
482,0,0,0,0,0,1,1,20251214,20261212
483,0,0,0,0,0,1,1,20260403,20260928
484,0,0,0,0,0,1,0,20261205,20261205
485,0,0,0,0,0,1,1,20251214,20261212
486,0,0,0,0,0,0,1,20251214,20261206
487,1,1,1,1,1,1,0,20251215,20261212
488,0,0,0,0,0,1,1,20260919,20260920
489,0,0,0,0,0,0,1,20251214,20261206
490,0,0,0,0,0,0,1,20260705,20260830
491,0,0,0,0,0,1,0,20260704,20260829
492,1,1,1,1,0,0,1,20251214,20261210
493,0,0,0,0,0,1,1,20260530,20260830
494,0,0,0,0,0,1,0,20260530,20260829
495,1,1,1,1,1,1,1,20260530,20260831
496,0,0,0,0,0,1,0,20251220,20261212
497,0,0,0,0,0,0,0,20260513,20261117
498,1,1,1,1,1,0,0,20251215,20261211
499,0,0,0,0,0,1,1,20260501,20260830
500,1,0,0,0,0,0,1,20260705,20260706
501,0,0,0,0,1,0,1,20251214,20261211
502,1,1,1,1,0,1,0,20251215,20261212
503,0,0,0,0,1,0,0,20251219,20261211
504,0,0,0,0,0,1,1,20251214,20261212
505,0,0,0,0,0,1,1,20251214,20261212
506,0,0,0,0,0,0,0,20251214,20261212
507,0,0,0,0,0,1,1,20260403,20261028
508,0,0,0,0,0,0,1,20251214,20261206
509,1,1,1,1,1,0,1,20251214,20261211
510,1,1,1,1,1,1,1,20251214,20261212
511,1,1,1,1,1,1,1,20251214,20261212
512,1,1,1,1,1,0,0,20251215,20261211
513,0,0,0,0,0,1,1,20251214,20261212
514,0,0,0,0,0,1,1,20251214,20261212
515,0,0,0,0,0,0,1,20251214,20261206
516,1,1,1,1,1,0,0,20251215,20261211
517,1,1,1,1,1,0,0,20251215,20261211
518,0,0,0,0,0,1,1,20251214,20261212
519,1,1,1,1,1,1,0,20251215,20261212
520,0,0,0,0,0,0,1,20251214,20261206
521,0,0,0,0,0,0,1,20251214,20261206
522,1,1,1,1,1,0,0,20251215,20261212
523,0,0,0,0,0,0,0,20260711,20261212
524,0,0,0,0,0,0,0,20260711,20261212
525,0,0,0,0,0,1,0,20260704,20260829
526,0,0,0,0,0,0,0,20251214,20261206
527,0,0,0,0,0,1,1,20251214,20261212
528,0,0,0,0,0,1,0,20260725,20260725
529,0,0,0,0,0,1,1,20251214,20261212
530,1,1,1,1,1,1,0,20251215,20261212
531,0,0,0,0,0,1,1,20260725,20260726
532,0,0,0,0,0,1,0,20251220,20261212
533,0,0,0,0,0,1,0,20251220,20261212
534,0,0,0,0,0,0,0,20251220,20261212
535,1,1,1,1,0,0,0,20251215,20261210
536,0,0,0,0,1,1,1,20251214,20261212
537,1,1,1,0,0,0,0,20251222,20260103
538,1,1,1,1,1,1,0,20251215,20261212
539,1,1,1,1,1,1,1,20260425,20260928
540,1,1,1,1,0,0,0,20260427,20260528
541,0,0,0,0,1,0,0,20260430,20260529
542,0,1,1,1,1,1,1,20251214,20261212
543,1,0,0,0,0,0,0,20251215,20261207
544,0,0,0,0,0,0,1,20251214,20261206
545,0,0,0,0,0,1,0,20251220,20261212
546,1,1,1,1,0,0,0,20260601,20260924
547,0,0,0,0,1,0,0,20260605,20260925
548,1,1,1,1,0,1,1,20251214,20261212
549,0,0,0,0,1,0,0,20251219,20261211
550,1,1,1,1,0,0,0,20251215,20261210
551,0,0,0,0,1,0,0,20251219,20261211
552,1,1,1,1,0,0,0,20251215,20261210
553,0,0,0,0,0,1,0,20251222,20260927
554,0,0,0,0,0,0,1,20251214,20261212
555,0,0,0,0,0,1,1,20251214,20261212
556,1,1,1,1,1,0,0,20251215,20261211
557,1,1,1,1,0,0,0,20251215,20261210
558,0,0,0,0,0,1,1,20251214,20261212
559,1,1,0,0,1,1,1,20251214,20261212
560,0,0,1,1,0,0,0,20251217,20261210
561,1,1,1,1,0,0,0,20251215,20261212
562,0,0,0,0,1,0,1,20251214,20261211
563,0,0,0,0,0,0,0,20260403,20260831
564,0,0,0,0,0,0,1,20260503,20260928
565,0,0,0,0,0,1,0,20260501,20260927
566,1,1,1,0,0,1,1,20251222,20260102
567,0,0,0,0,0,1,1,20251214,20261212
568,0,0,1,0,0,0,0,20251215,20261210
569,0,0,0,0,0,0,0,20251219,20261211
570,1,1,1,1,1,0,0,20251215,20261211
571,0,0,0,0,0,1,1,20251214,20260928
572,0,0,0,0,0,0,1,20251214,20260928
573,0,0,0,0,0,0,0,20260102,20261204
574,1,1,1,1,1,0,1,20251214,20261211
575,0,0,0,0,0,0,1,20260426,20260928
576,1,1,1,1,1,1,1,20251214,20261212
577,0,0,0,0,1,0,0,20251219,20261211
578,0,0,0,0,0,1,0,20251220,20261212
579,1,1,1,1,1,1,0,20251215,20261212
580,0,0,0,0,0,0,1,20251214,20261206
581,1,1,1,1,1,1,1,20251214,20261212
582,1,1,1,1,1,1,1,20251214,20261212
583,0,0,0,0,0,1,0,20260509,20260509
584,0,0,0,0,0,0,0,20260425,20260926
585,0,0,0,0,0,1,1,20260321,20261101
586,1,1,1,1,1,0,0,20260427,20260831
587,1,1,1,1,1,0,0,20260427,20260630
588,0,1,1,0,0,0,0,20260707,20260708
589,1,1,1,1,1,0,0,20251215,20261211
590,1,1,1,1,1,1,1,20260425,20260928
591,1,1,1,1,1,0,0,20251215,20261211
592,1,1,1,1,1,1,1,20251214,20261212
593,1,1,0,0,0,0,0,20251222,20260102
594,1,1,1,1,1,1,1,20251214,20260630
595,1,1,1,1,1,1,1,20251214,20260630
596,0,0,0,0,0,1,1,20251214,20260628
597,1,1,1,1,1,0,0,20251215,20260630
598,0,0,0,0,0,1,1,20251214,20260928
599,0,0,0,0,0,1,1,20251214,20261212
600,0,0,0,0,0,0,0,20251214,20261212
601,0,0,0,0,0,1,1,20260329,20261024
602,0,0,0,0,0,0,1,20251214,20260628
603,0,0,0,0,0,1,1,20251214,20260704
604,0,1,1,1,1,1,0,20251216,20261212
605,1,1,1,1,0,1,0,20251215,20261212
606,0,0,0,0,1,0,0,20251219,20261211
607,0,0,0,0,0,1,1,20251214,20261212
608,1,1,1,1,1,1,1,20260501,20260930
609,1,1,1,1,1,0,0,20251215,20261211
610,1,1,1,1,1,0,1,20251214,20261211
611,0,1,0,0,0,0,0,20251230,20251230
612,1,1,1,1,1,1,1,20251215,20261211
613,0,0,0,0,0,0,0,20251214,20261212
614,1,1,1,1,1,1,0,20251215,20261212
615,0,0,0,1,1,0,1,20251214,20261211
616,1,1,1,0,0,1,0,20251215,20261212
617,1,1,1,1,1,1,0,20251215,20261212
618,0,0,0,0,0,1,0,20261031,20261031
619,0,0,0,0,0,1,0,20260321,20261028
620,0,0,0,0,0,0,1,20251214,20261206
621,1,1,1,1,1,0,0,20251215,20261211
622,1,1,1,1,1,0,0,20251220,20261212
623,1,1,1,1,1,1,1,20251214,20261212
624,0,0,0,0,0,1,0,20251214,20261212
625,1,1,1,1,1,0,1,20251215,20261211
626,0,0,0,0,0,0,1,20251214,20261212
627,0,0,0,0,0,0,0,20251228,20261114
628,0,0,0,0,0,0,1,20251214,20261206
629,0,0,0,0,0,0,1,20251214,20261206
630,1,1,1,1,1,1,0,20251215,20261212
631,1,1,1,1,1,1,0,20251215,20261212
632,1,0,0,0,0,1,1,20251214,20261212
633,1,1,0,0,0,0,0,20251222,20260102
634,1,1,1,1,1,0,1,20251214,20261211
635,0,0,0,0,0,1,0,20251220,20261212
636,1,1,1,1,1,1,1,20251216,20261212
637,0,0,0,0,0,1,1,20251214,20261212
638,1,1,1,1,1,1,1,20251216,20261212
639,0,1,1,1,1,0,0,20251216,20261211
640,0,0,0,0,1,0,0,20251219,20261211
641,0,0,0,0,0,1,1,20251214,20261212
642,1,0,0,0,0,0,0,20251215,20261207
643,1,1,1,1,0,1,1,20251214,20261212
644,1,1,1,1,0,1,1,20251214,20261212
645,1,1,1,1,1,1,0,20251215,20261212
646,0,0,0,0,0,1,1,20260613,20260830
647,1,1,1,1,1,1,1,20251214,20261212
648,0,0,0,0,0,1,1,20251214,20261212
649,1,1,1,1,0,0,0,20251215,20261210
650,1,1,1,1,1,1,0,20251215,20261212
651,1,1,1,1,1,1,0,20251215,20261212
652,1,1,1,1,1,1,0,20251215,20261212
653,1,1,1,1,1,0,0,20251215,20261211
654,0,0,0,1,1,1,1,20260702,20260719
655,0,0,0,0,0,0,1,20251214,20261206
656,0,0,0,0,0,0,1,20261115,20261115
657,0,0,0,0,0,1,0,20260425,20260927
658,0,0,0,0,0,1,1,20251214,20261212
659,1,1,1,1,1,0,1,20251214,20261211
660,0,0,0,0,0,0,0,20260130,20261030
661,1,0,0,0,0,0,1,20251214,20261207
662,1,1,1,1,0,0,0,20251215,20261210
663,1,1,1,1,1,0,0,20251215,20261211
664,0,0,0,0,0,1,0,20251220,20261212
665,0,0,0,0,0,1,1,20251214,20261212
666,1,1,1,1,1,0,0,20251215,20261211
667,0,0,0,0,0,1,0,20251220,20261212
668,0,0,0,0,0,0,1,20251214,20261206
669,1,1,1,1,1,1,0,20251215,20261212
670,0,0,0,0,1,0,0,20251219,20261211
671,1,1,1,1,1,1,1,20251214,20261212
672,1,1,1,1,1,0,1,20251214,20261211
673,0,0,0,0,0,0,0,20251219,20261211
674,0,0,0,0,0,1,0,20251220,20261212
675,1,1,1,1,0,1,1,20251214,20261212
676,1,1,1,1,0,1,1,20251214,20261212
677,0,0,0,0,1,1,0,20251219,20261212
678,0,0,0,0,0,1,0,20251220,20261212
679,0,0,0,0,0,1,1,20251214,20260613
680,0,0,0,0,1,1,1,20251214,20261212
681,1,1,1,1,0,0,0,20251215,20261210
682,1,1,1,1,1,1,1,20251214,20261212
683,1,1,1,1,1,0,0,20251215,20261211
684,0,0,0,0,0,1,1,20260425,20260928
685,0,0,0,0,0,0,0,20251222,20261116
686,0,0,0,0,0,1,1,20260425,20260928
687,1,1,1,1,0,0,0,20251215,20261210
688,0,0,0,0,0,1,0,20251220,20261212
689,0,0,0,0,0,0,0,20251225,20260927
690,0,0,0,0,0,0,0,20251224,20260927
691,0,0,0,0,0,1,0,20251220,20261212
692,1,1,1,1,1,0,1,20251214,20261211
693,1,1,1,1,1,0,1,20251214,20261211
694,0,0,0,0,0,1,0,20251220,20261212
695,1,1,1,0,0,0,0,20251229,20251231
696,1,1,1,1,1,0,0,20251215,20261211
697,1,0,0,0,0,0,0,20251222,20251230
698,0,0,0,0,0,1,0,20260425,20260927
699,1,1,1,1,0,0,0,20251215,20261210
700,1,1,1,1,1,1,1,20251214,20260228
701,0,0,0,0,0,0,0,20260710,20260807
702,0,0,0,0,0,0,0,20260712,20260809
703,0,0,0,0,0,1,0,20261128,20261128
704,1,1,1,1,0,0,0,20251215,20261210
705,0,0,0,0,1,0,1,20251214,20261211
706,0,0,0,0,0,1,0,20251220,20261212
707,0,0,0,0,0,0,1,20251214,20261206
708,0,0,0,0,0,0,1,20260405,20260405
709,0,0,0,0,0,0,0,20251215,20261207
710,0,0,0,0,0,0,0,20251227,20260516
711,0,0,0,0,0,0,0,20260606,20261028
712,0,0,0,0,0,0,0,20251229,20261205
713,1,1,1,0,0,1,0,20251215,20261212
714,0,0,0,0,1,1,0,20251219,20261212
715,0,0,0,0,0,1,1,20251214,20261212
716,0,0,0,0,0,0,0,20251229,20261205
717,0,0,0,0,0,0,1,20251214,20261206
718,1,1,1,1,1,1,0,20251215,20261212
719,0,0,0,1,1,0,1,20251214,20261211
720,1,1,1,1,0,0,1,20251214,20261210
721,0,0,0,0,0,1,1,20251214,20261212
722,0,0,0,0,0,1,0,20251220,20261212
723,0,0,0,0,0,1,1,20251214,20261212
724,0,0,0,0,0,1,0,20251220,20261212
725,1,1,1,1,1,0,0,20251215,20261211
726,1,1,1,1,1,0,0,20260615,20261211
727,1,1,1,1,1,0,0,20260504,20260630
728,0,0,0,0,0,1,1,20251214,20261212
729,1,1,1,1,1,0,0,20251215,20261211
730,0,0,0,0,0,0,0,20251214,20261212
731,1,1,1,1,0,0,0,20260427,20260925
732,0,1,1,1,1,0,0,20251215,20261211
733,0,0,0,0,1,0,0,20251219,20261211
734,1,1,1,1,1,1,0,20251215,20261212
735,1,1,1,1,1,0,0,20251215,20261211
736,1,1,1,1,1,1,0,20251215,20261212
737,0,0,0,0,0,1,0,20251220,20261212
738,0,0,0,0,0,0,1,20251214,20261206
739,1,1,0,0,0,1,0,20251222,20260102
740,0,0,0,0,0,1,1,20251214,20261212
741,1,1,1,1,1,1,1,20260425,20260928
742,1,1,1,1,1,0,0,20251214,20261212
743,1,1,1,1,1,1,1,20251214,20261212
744,0,0,0,0,0,0,1,20251214,20261206
745,1,1,1,1,1,1,0,20251215,20261212
746,0,0,0,0,0,0,1,20251214,20261206
747,0,0,0,0,0,1,1,20260425,20260928
748,0,0,0,0,0,1,0,20260425,20260926
749,0,0,0,0,0,1,1,20260425,20260928
750,0,0,0,0,0,1,1,20260425,20260928
751,1,1,1,0,0,1,0,20251215,20261212
752,0,0,0,1,1,0,1,20251214,20261211
753,1,1,1,0,0,1,0,20251215,20261212
754,0,0,0,1,1,0,1,20251214,20261211
755,1,1,1,1,1,0,0,20251215,20261211
756,1,1,1,1,1,1,1,20260613,20261212
757,0,0,0,0,0,1,0,20260328,20261114
758,1,1,1,1,1,0,1,20251214,20261212
759,1,1,1,1,1,0,1,20251214,20261211
760,0,0,0,0,0,1,1,20260328,20261117
761,1,1,1,1,1,0,0,20251214,20261212
762,0,1,1,1,1,1,1,20251214,20261212
763,0,0,0,0,0,1,1,20260328,20261101
764,0,0,0,0,0,1,1,20251214,20251221
765,0,0,0,0,0,1,1,20260328,20261101
766,0,0,0,0,0,1,1,20260328,20261101
767,0,0,0,0,0,1,1,20261128,20261212
768,1,0,0,0,0,1,1,20260511,20260830
769,0,0,0,0,0,1,0,20251220,20261212
770,1,1,1,1,0,0,0,20251215,20261210
771,0,0,0,0,1,0,1,20251214,20261211
772,1,1,1,1,1,1,1,20251214,20261212
773,0,0,0,0,0,1,1,20251214,20261212
774,1,1,1,1,1,1,1,20251214,20261212
775,1,1,1,1,1,1,1,20251214,20261212
776,1,1,1,1,1,1,1,20251214,20261212
777,0,0,0,0,0,1,0,20251220,20261212
778,0,0,0,0,1,0,1,20251214,20261211
779,0,0,0,0,0,1,0,20251220,20261212
780,0,0,0,0,1,0,1,20251214,20261211
781,0,0,0,0,0,1,0,20260328,20261114
782,1,1,1,1,1,0,1,20251214,20261212
783,1,1,1,1,1,0,1,20251214,20261212
784,0,0,0,0,1,1,1,20251219,20261211
785,1,1,1,1,0,0,0,20251214,20261210
786,1,1,1,1,1,0,0,20251215,20261211
787,1,1,1,1,1,0,0,20251215,20261211
788,0,0,0,0,0,1,1,20260516,20260517
789,0,0,0,0,0,1,1,20251214,20261212
790,1,1,1,1,1,0,0,20251215,20261211
791,0,0,0,0,0,1,1,20251214,20261212
792,0,0,0,0,0,1,1,20251214,20261212
793,0,0,0,0,0,1,0,20260704,20260704
794,0,0,0,0,0,0,1,20251214,20261206
795,0,0,0,0,0,1,0,20251220,20261212
796,1,1,1,1,0,1,1,20251214,20261212
797,0,1,1,1,1,0,0,20251216,20261211
798,1,0,0,0,0,0,0,20251215,20261207
799,1,1,1,1,1,0,0,20251216,20261211
800,1,1,1,1,1,0,0,20251215,20261211
801,1,1,1,1,1,1,1,20251214,20260311
802,1,1,1,1,1,1,1,20251215,20260312
803,1,1,1,1,1,0,0,20251215,20260311
804,0,0,0,0,0,1,1,20251214,20260308
805,1,1,1,1,1,1,1,20251214,20261212
806,0,0,0,0,0,1,1,20260328,20261101
807,1,1,1,1,1,1,1,20260418,20260904
808,0,0,0,0,0,0,0,20260312,20261212
809,0,0,0,0,0,0,0,20260312,20261212
810,0,0,0,0,0,0,0,20260312,20261212
811,1,1,1,1,1,1,1,20260313,20261212
812,0,0,0,0,0,0,0,20260316,20261207
813,1,1,1,1,1,0,0,20260420,20260904
814,1,0,0,0,0,0,0,20260316,20261207
815,0,0,0,0,0,0,0,20260312,20261211
816,1,1,1,1,1,1,1,20260312,20261212
817,0,1,1,1,1,1,1,20260418,20260904
818,0,0,0,0,0,0,0,20260314,20261212
819,1,1,1,1,1,1,1,20251214,20261212
820,0,0,0,0,0,1,1,20251214,20261212
821,1,1,1,1,1,0,0,20251215,20261211
822,1,1,1,1,1,1,1,20251214,20261212
823,1,1,1,1,1,0,0,20251215,20261211
824,1,1,1,1,1,1,1,20251214,20261212
825,1,1,1,1,1,1,1,20251214,20261212
826,1,1,1,1,1,1,1,20260614,20260930
827,0,0,0,0,0,1,1,20260614,20260928
828,0,0,0,0,0,1,1,20251214,20261212
829,1,1,1,1,1,1,1,20260614,20260930
830,1,1,1,1,1,0,0,20260615,20260930
831,0,0,0,0,0,1,1,20260614,20260928
832,1,1,1,1,1,0,0,20251215,20260227
833,1,1,1,1,1,1,1,20251214,20260301
834,0,0,0,0,0,1,0,20251220,20261212
835,0,0,0,0,0,0,1,20251214,20261206
836,1,1,1,1,1,0,1,20251214,20261211
837,0,0,0,0,0,0,1,20251214,20261206
838,0,0,0,0,0,1,0,20251220,20261212
839,1,1,1,1,1,1,1,20260301,20261212
840,0,1,1,1,1,1,0,20251216,20261212
841,1,1,1,0,0,1,1,20251214,20261212
842,0,1,0,0,0,0,0,20251214,20261212
843,1,1,1,1,1,0,0,20251214,20261212
844,1,1,1,1,1,1,1,20251214,20261212
845,1,1,1,1,1,0,0,20251214,20261212
846,0,0,0,0,0,0,0,20251214,20261212
847,0,0,0,0,0,1,1,20260614,20260928
848,1,1,1,1,1,1,1,20251214,20260429
849,1,1,1,1,1,0,0,20260615,20261211
850,1,1,1,1,1,0,0,20251215,20260612
851,1,1,1,1,1,0,0,20251215,20261211
852,1,1,1,1,1,1,1,20251214,20261212
853,0,0,0,0,0,0,1,20251214,20261206
854,1,1,1,1,1,1,1,20251214,20260331
855,0,0,0,0,0,0,0,20251214,20261212
856,1,1,1,1,1,1,1,20260321,20261211
857,0,0,0,0,0,1,1,20251214,20261212
858,0,0,0,0,0,0,0,20251215,20261211
859,0,0,0,0,0,0,0,20251214,20261211
860,0,0,0,0,0,1,1,20251214,20261212
861,1,1,1,1,0,1,0,20251215,20261212
862,1,1,1,1,1,1,1,20251220,20261028
863,1,1,1,1,1,1,1,20251214,20261212
864,1,1,1,1,1,1,1,20251220,20261212
865,1,1,1,1,1,1,1,20251220,20261025
866,1,1,1,1,1,1,1,20251220,20261028
867,0,0,0,0,0,0,0,20251219,20261211
868,0,0,0,0,0,0,0,20251214,20261212
869,0,0,1,0,0,0,0,20260715,20260715
870,1,1,1,1,1,0,0,20260511,20260629
871,0,0,0,0,1,0,0,20251219,20261211
872,1,1,1,1,1,1,1,20260302,20261212
873,1,1,1,1,1,1,1,20251215,20260301
874,1,0,0,0,0,0,1,20251214,20261207
875,1,1,1,1,1,1,1,20260302,20260331
876,0,0,0,0,0,1,0,20260905,20260905
877,0,0,0,0,1,0,1,20251214,20261211
878,1,1,1,1,1,0,0,20251215,20260612
879,1,1,1,1,1,1,1,20251214,20260613
880,1,1,1,1,1,1,1,20251214,20260612
881,1,1,1,1,1,1,0,20251215,20261212
882,0,0,0,0,0,1,1,20251214,20261212
883,1,0,0,0,0,0,0,20260316,20261207
884,1,0,0,0,0,0,0,20260601,20260824
885,1,1,1,1,1,1,1,20260907,20261212
886,1,1,1,1,1,0,0,20260907,20261211
887,0,0,0,0,0,1,1,20260912,20261212
888,0,0,0,0,0,1,1,20251214,20261212
889,0,0,0,0,1,1,0,20251219,20261212
890,0,0,0,0,0,0,0,20260321,20261108
891,0,0,0,0,0,0,1,20260705,20261206
892,0,0,0,0,0,0,1,20260706,20261206
893,0,0,0,0,0,0,1,20260705,20261206
894,1,1,1,1,1,0,0,20260701,20261211
895,0,0,0,0,0,1,1,20260704,20261212
896,1,1,1,1,1,1,1,20260701,20261212
897,0,1,1,1,1,1,1,20260523,20260830
898,0,0,0,0,0,1,0,20251220,20261212
899,0,0,0,0,0,1,1,20260425,20260830
900,0,0,0,0,0,0,1,20251214,20260628
901,0,0,0,0,0,0,0,20261003,20261122
902,0,0,0,0,0,0,0,20260425,20261122
903,0,0,0,0,1,0,0,20260501,20260508
904,0,0,0,0,0,0,0,20251214,20260928
905,0,0,0,0,0,0,1,20261129,20261129
906,0,0,0,0,0,1,0,20251220,20261212
907,0,0,0,0,0,0,0,20260514,20260525
908,0,0,0,0,0,1,1,20260321,20261108
909,1,0,0,0,0,0,1,20251214,20251215
910,0,0,0,0,0,1,1,20260425,20260426
911,0,0,0,0,0,0,1,20251214,20261206
912,0,0,0,0,0,0,0,20251228,20261117
913,0,0,0,0,0,0,1,20260426,20260426
914,0,0,0,0,0,1,0,20260425,20260425
915,0,0,0,0,0,0,0,20251222,20261030
916,0,0,0,0,0,0,0,20260130,20260402
917,0,0,0,1,1,0,0,20251226,20260101
918,0,0,0,0,0,0,0,20251214,20261212
919,0,0,0,0,0,0,0,20260102,20261116
920,0,0,0,0,0,0,0,20260102,20261116
921,0,0,0,0,0,0,0,20251214,20261212
922,0,0,0,0,0,0,0,20260927,20261010
923,0,0,0,0,0,0,1,20260927,20260927
924,0,0,1,1,1,0,0,20251224,20251226
925,0,0,0,0,0,0,0,20251226,20260927
926,0,0,0,0,0,0,0,20251226,20260927
927,0,0,0,0,0,0,0,20251230,20261116
928,0,1,0,0,0,0,0,20261117,20261117
929,0,0,1,0,0,0,0,20261028,20261028
930,1,0,0,0,0,0,0,20251229,20251229
931,0,0,0,0,0,0,0,20251222,20260102
932,0,0,0,0,0,1,1,20260403,20261031
933,0,0,0,0,0,0,0,20251223,20260928
934,1,1,1,1,1,1,1,20260430,20261212
935,1,0,0,0,0,0,0,20260706,20260706
936,1,1,1,1,1,0,0,20260430,20261210
937,1,1,1,1,1,1,1,20260501,20261212
938,0,0,0,0,0,0,0,20260928,20261117
939,0,0,0,0,0,1,1,20261121,20261212
940,0,0,0,0,0,0,0,20260706,20261028
941,0,0,0,0,1,0,0,20261204,20261204
942,0,0,0,0,0,0,0,20260425,20261010
943,0,0,0,0,0,1,1,20260501,20261212
944,0,0,0,0,0,0,0,20260724,20261211
945,0,0,0,0,0,1,1,20251214,20261212
946,0,0,0,0,0,1,1,20260614,20261212
947,1,1,1,1,1,1,0,20251215,20261212
948,0,0,0,0,0,0,1,20251214,20261206
949,0,0,0,0,0,0,0,20260425,20260912
950,0,0,0,0,0,1,0,20260627,20260627
951,0,1,1,1,1,1,1,20251214,20261212
952,0,0,0,0,0,0,0,20260404,20261003
953,0,0,0,0,0,0,0,20260501,20260926
954,0,1,1,1,1,1,0,20251216,20261212
955,0,0,0,0,0,1,1,20251214,20261212
956,0,0,0,0,1,0,0,20251219,20261211
957,1,0,0,0,0,0,0,20251222,20251222
958,0,0,0,0,0,0,0,20251222,20261116
959,0,0,0,0,0,0,0,20251221,20261115
960,0,0,0,0,0,0,0,20251224,20260101
961,0,0,0,0,0,0,0,20260530,20260822
962,0,1,0,1,0,1,0,20251216,20261212
963,0,1,0,1,0,0,1,20251214,20261210
964,0,0,0,0,0,1,0,20260418,20260418
965,0,0,0,0,0,1,0,20260711,20260711
966,0,0,0,0,1,0,0,20260417,20260417
967,0,0,0,0,0,0,1,20260419,20260419
968,1,1,0,0,0,0,0,20251215,20251216
969,0,0,0,0,0,1,0,20251220,20261212
970,0,0,0,0,0,0,1,20251214,20261206
